74 76 79 82 84 85 87
27 25 24 23 20
91 92 93 96 98 99
40 41 44 46 48 50
45 48 50 53 54 56
91 89 88 87 86
13 16 18 20 22 24 26
87 89 90 91 94
81 82 84 86 89 90
59 61 62 64 67 69
32 29 28 25 24 22 20
34 32 30 28 27 26
21 22 25 27 28 31 34 35
59 56 53 50 49 48 47
74 71 69 67 65 64 63 61
48 45 42 41 38 35 32
51 50 47 44 43 42
35 34 33 32 31 30 29 26
83 80 77 75 74 72 69
32 29 28 27 26 24 21
68 70 71 74 75 78 80
23 25 27 30 33 36 39 42
35 36 38 40 41 42 43 45
58 60 61 62 63
35 37 40 42 45 47 50
87 86 84 82 81
33 36 39 40 42 44
8 5 4 2 1
68 66 63 61 58
34 32 31 29 26 25 22
3 6 7 9 10 11 12
42 41 39 37 35 33 32
54 56 59 61 64 67 68 71
28 30 32 35 37 38 39
23 21 20 19 17
78 77 74 71 69 68
38 36 34 33 30 27 24
65 68 71 73 74 76
41 38 37 35 32
53 54 55 57 58 59 62 65
59 62 65 67 70 71 72
70 73 74 77 80 81 83
97 96 94 91 90 89 88
47 44 41 38 37 36
62 61 59 56 55
95 92 90 89 88 87 85
14 11 8 7 6 3 2 1
75 78 81 84 86 88 90
37 35 33 30 29 28 26 24
75 76 79 81 84 86 88 90
78 76 74 72 69 66
59 57 56 55 52 51 48
50 53 54 56 59
45 43 40 38 37
12 14 16 18 21 23 26
80 81 84 87 88 91 93
59 58 56 54 53 50
16 14 13 12 9 7 5 2
18 21 24 25 26 29
14 16 17 19 22 23 26
92 89 86 85 82 81
60 63 66 69 71 72 74 75
62 64 65 68 71 74 75 78
48 49 51 53 55
78 75 74 72 71
67 68 69 70 72 73
21 23 24 27 29 30 32
2 5 8 10 12 14
30 28 25 23 21 18 15
66 65 64 62 59 56
48 49 52 54 55
80 83 85 86 87 89 91
52 50 48 47 44 42 40
54 53 50 49 47
86 89 91 92 95 98
27 30 31 33 36
32 35 38 41 43 46 49 50
24 23 21 20 18 16
89 86 83 80 77 76 75 74
26 29 30 31 34 35
45 44 41 39 37
32 33 36 38 40 43 45
74 76 79 82 85
16 17 20 22 25 27 28
28 30 32 33 36 37 38 39
76 73 71 70 67 66 64 63
16 13 12 9 6 5
27 24 22 20 19 16 14 11
24 26 27 29 31 33
44 47 49 50 52 54 55 58
29 27 25 22 20 17 16 14
31 32 34 35 36 39 41 43
44 41 38 35 32 29 28
27 29 31 33 35 36 39
89 88 85 84 83 81 78 76
70 71 72 75 76 77 80
69 67 66 63 60 57 56
20 22 24 26 28 30
86 83 81 80 77 75 72 69
18 17 14 11 9 8 5 4
53 54 56 59 60 61 63 65
13 16 19 20 22 23 24 25
42 45 47 50 51
35 32 29 27 26
28 29 32 35 37 39 40 43
82 79 77 74 72 70 69 67
66 63 60 57 54
20 23 26 28 30 31 34 35